    unsorted:	 503.4015754 504.3669072 502.0520799 508.2943103 498.7599041 511.4780316 514.8350088 491.2935512 476.3114333 468.8625108 460.8209735 450.6082682 432.2397061 425.8731836 421.4904625 407.3703090 392.3980274 393.8064045 367.6138460 364.9787609 342.4380663 340.8565737 559.1906031 326.7331352 566.5007015 310.3787956 583.4045606 299.3878334 610.3295592 267.8703686 239.3460216 214.2429563 196.8426976 652.1044832 668.9802078 159.7709826 696.3698574 134.5444432 104.8967488 93.23002574 88.45391017 726.1908208 55.90109109 48.41608429 42.14483676 7.560701430 7.378835308 7.874919219 30.18525606 765.3572720 805.8982422 866.1326566 885.2543225 975.0263453 1022.746885 1137.873409 1193.372503 1207.316398 1411.341320 1752.209169 1765.769695 2498.269582 2591.164458 2957.609783 3335.946869 3391.275336 3722.761048 4260.156935 4401.433545 5280.830381 5719.903884 7231.720839 8049.115047 9280.737315 10800.84586 13515.31536 17522.99371 128579.0424 595302.6606 1134761.051 26791487.23
      sorted:	 7.378835308 7.560701430 7.874919219 30.18525606 42.14483676 48.41608429 55.90109109 88.45391017 93.23002574 104.8967488 134.5444432 159.7709826 196.8426976 214.2429563 239.3460216 267.8703686 299.3878334 310.3787956 326.7331352 340.8565737 342.4380663 364.9787609 367.6138460 392.3980274 393.8064045 407.3703090 421.4904625 425.8731836 432.2397061 450.6082682 460.8209735 468.8625108 476.3114333 491.2935512 498.7599041 502.0520799 503.4015754 504.3669072 508.2943103 511.4780316 514.8350088 559.1906031 566.5007015 583.4045606 610.3295592 652.1044832 668.9802078 696.3698574 726.1908208 765.3572720 805.8982422 866.1326566 885.2543225 975.0263453 1022.746885 1137.873409 1193.372503 1207.316398 1411.341320 1752.209169 1765.769695 2498.269582 2591.164458 2957.609783 3335.946869 3391.275336 3722.761048 4260.156935 4401.433545 5280.830381 5719.903884 7231.720839 8049.115047 9280.737315 10800.84586 13515.31536 17522.99371 128579.0424 595302.6606 1134761.051 26791487.23
